SpawnLocation:
  world: gta
  x: 1619.5
  y: 65.5
  z: 183.5
  yaw: 90.450005
  pitch: 0.6000302
